1,19
2,9
3,7
4,27
5,18
6,10
7,3
8,6
9,9
10,18
11,12
12,5
13,4
14,9
15,3
16,5
17,1
18,23
19,21
20,7
21,20
22,11
23,3
24,5
25,14
26,12
27,5
28,3
29,13
30,19
31,18
32,6
33,5
34,21
35,8
36,17
37,11
38,11
39,2
40,7
41,7
42,9
43,25
44,4
45,23
46,7
47,14
48,7
49,0
50,4
51,11
52,15
53,10
54,20
55,15
56,6
57,13
58,14
59,9
60,10
61,13
62,3
63,8
64,2
65,2
66,3
67,4
68,24
69,14
70,5
71,16
72,12
73,7
74,1
75,11
76,0
77,16
78,18
79,10
80,18
81,8
82,16
83,38
84,14
85,9
86,19
87,6
88,19
89,24
90,11
91,12
92,12
93,12
94,4
95,10
96,40
97,20
98,23
99,8
100,32
101,17
102,2
103,13
104,11
105,6
106,27
107,17
108,0
109,8
110,3
111,5
112,26
113,8
114,5
115,0
116,9
117,3
118,28
119,11
120,8
121,5
122,3
123,6
124,10
125,7
126,11
127,18
128,7
129,13
130,19
131,4
132,8
133,14
134,5
135,23
136,24
137,21
138,8
139,14
140,28
141,9
142,6
143,6
144,5
145,18
146,17
147,11
148,1
149,1
150,22
151,13
152,4
153,7
154,13
155,15
156,19
157,16
158,8
159,15
160,1
161,14
162,16
163,6
164,9
165,3
166,4
167,25
168,1
169,13
170,4
171,12
172,22
173,8
174,2
175,22
176,20
177,6
178,10
179,1
180,10
181,4
182,10
183,5
184,18
185,1
186,2
187,21
188,4
189,8
190,9
191,12
192,9
193,8
194,4
195,8
196,6
197,7
198,10
199,11
200,22
201,11
202,2
203,22
204,19
205,1
206,10
207,13
208,23
209,3
210,8
211,20
212,26
213,9
214,8
215,9
216,11
217,22
218,19
219,3
220,6
221,0
222,16
223,11
224,20
225,19
226,8
227,2
228,0
229,15
230,18
231,22
232,5
233,19
234,9
235,16
236,0
237,11
238,2
239,20
240,2
241,6
242,4
243,11
244,18
245,17
246,8
247,5
248,1
249,17
250,20
251,8
252,4
253,10
254,5
255,5
256,3
257,7
258,6
259,8
260,13
261,2
262,15
263,6
264,11
265,12
266,3
267,3
268,4
269,16
270,9
271,2
272,1
273,13
274,3
275,14
276,21
277,13
278,6
279,12
280,4
281,16
282,16
283,28
284,6
285,1
286,5
287,10
288,12
289,7
290,14
291,14
292,13
293,8
294,7
295,3
296,5
297,4
298,7
299,14
300,0
301,3
302,10
303,4
304,4
305,15
306,8
307,1
308,13
309,1
310,18
311,4
312,4
313,6
314,4
315,9
316,1
317,6
318,10
319,21
320,12
321,22
322,3
323,3
324,0
325,4
326,9
327,1
328,3
329,6
330,10
331,8
332,11
333,11
334,16
335,7
336,7
337,16
338,5
339,6
340,14
341,15
342,10
343,22
344,5
345,2
346,8
347,5
348,2
349,1
350,7
351,17
352,18
353,16
354,5
355,8
356,7
357,17
358,8
359,2
360,21
361,6
362,4
363,12
364,1
365,10
366,5
367,4
368,15
369,7
370,22
371,20
372,3
373,13
374,9
375,9
376,9
377,2
378,8
379,23
380,3
381,19
382,0
383,10
384,1
385,9
386,10
387,3
388,3
389,28
390,33
391,10
392,1
393,7
394,23
395,6
396,4
397,7
398,5
399,9
400,1
401,25
402,24
403,20
404,3
405,12
406,11
407,12
408,20
409,7
410,4
411,13
412,11
413,0
414,2
415,4
416,10
417,7
418,7
419,13
420,6
421,25
422,9
423,10
424,1
425,10
426,29
427,23
428,13
429,10
430,16
431,14
432,17
433,28
434,4
435,11
436,20
437,6
438,25
439,27
440,1
441,7
442,16
443,18
444,3
445,1
446,7
447,12
448,2
449,7
450,7
451,10
452,18
453,1
454,4
455,1
456,13
457,7
458,18
459,15
460,15
461,25
462,6
463,16
464,17
465,3
466,23
467,2
468,31
469,11
470,16
471,5
472,22
473,6
474,28
475,24
476,14
477,15
478,10
479,15
480,8
481,3
482,9
483,13
484,26
485,21
486,17
487,1
488,17
489,3
490,16
491,11
492,14
493,0
494,17
495,3
496,12
497,4
498,3
499,12
500,6
501,6
502,3
503,22
504,6
505,28
506,23
507,13
508,27
509,12
510,1
511,12
512,11
513,19
514,23
515,10
516,1
517,21
518,23
519,17
520,2
521,2
522,16
523,8
524,7
525,8
526,5
527,0
528,16
529,20
530,6
531,16
532,1
533,15
534,5
535,1
536,13
537,13
538,9
539,13
540,25
541,5
542,4
543,9
544,5
545,4
546,10
547,5
548,25
549,1
550,18
551,4
552,13
553,10
554,4
555,20
556,20
557,2
558,2
559,2
560,9
561,3
562,14
563,32
564,12
565,23
566,5
567,19
568,14
569,16
570,21
571,11
572,6
573,10
574,22
575,33
576,7
577,0
578,5
579,16
580,0
581,0
582,11
583,8
584,4
585,18
586,15
587,15
588,20
589,17
590,8
591,9
592,2
593,7
594,7
595,14
596,3
597,6
598,9
599,30
600,14
601,0
602,20
603,10
604,13
605,6
606,5
607,0
608,7
609,15
610,17
611,3
612,0
613,1
614,9
615,2
616,30
617,8
618,31
619,9
620,25
621,13
622,16
623,9
624,17
625,13
626,8
627,13
628,23
629,4
630,15
631,16
632,1
633,5
634,3
635,11
636,5
637,6
638,18
639,0
640,4
641,29
642,7
643,12
644,4
645,8
646,22
647,20
648,10
649,17
650,5
651,3
652,2
653,5
654,12
655,9
656,17
657,5
658,16
659,3
660,4
661,1
662,9
663,22
664,9
665,23
666,4
667,5
668,11
669,14
670,5
671,15
672,1
673,5
674,5
675,6
676,2
677,2
678,13
679,4
680,28
681,5
682,22
683,17
684,2
685,15
686,17
687,48
688,28
689,1
690,18
691,11
692,9
693,3
694,17
695,5
696,33
697,5
698,26
699,7
700,8
701,20
702,17
703,3
704,9
705,7
706,4
707,6
708,15
709,17
710,16
711,2
712,22
713,3
714,7
715,15
716,2
717,5
718,16
719,7
720,7
721,11
722,9
723,11
724,6
725,3
726,2
727,15
728,11
729,1
730,17
731,19
732,1
733,4
734,12
735,13
736,8
737,2
738,9
739,23
740,9
741,1
742,5
743,3
744,27
745,7
746,15
747,9
748,12
749,9
750,4
751,10
752,8
753,15
754,0
755,13
756,19
757,3
758,29
759,22
760,6
761,28
762,15
763,4
764,7
765,10
766,5
767,11
768,18
769,11
770,7
771,27
772,18
773,17
774,23
775,19
776,14
777,17
778,5
779,5
780,5
781,4
782,12
783,35
784,17
785,4
786,7
787,18
788,14
789,5
790,10
791,11
792,4
793,21
794,13
795,3
796,3
797,3
798,12
799,5
800,6
801,7
802,2
803,3
804,13
805,19
806,7
807,15
808,0
809,1
810,14
811,0
812,19
813,6
814,15
815,8
816,6
817,3
818,15
819,22
820,11
821,1
822,4
823,5
824,1
825,17
826,20
827,24
828,10
829,6
830,3
831,5
832,23
833,24
834,8
835,24
836,17
837,12
838,18
839,24
840,20
841,5
842,3
843,11
844,26
845,1
846,2
847,12
848,13
849,24
850,5
851,8
852,14
853,4
854,16
855,16
856,12
857,4
858,15
859,2
860,15
861,4
862,1
863,11
864,2
865,8
866,25
867,30
868,11
869,2
870,19
871,2
872,12
873,6
874,15
875,1
876,13
877,17
878,19
879,11
880,22
881,11
882,5
883,30
884,8
885,5
886,7
887,11
888,31
889,17
890,7
891,18
892,9
893,11
894,1
895,21
896,11
897,4
898,26
899,22
900,5
901,22
902,23
903,2
904,7
905,21
906,7
907,3
908,0
909,11
910,6
911,9
912,10
913,0
914,1
915,2
916,5
917,2
918,4
919,10
920,16
921,14
922,7
923,6
924,4
925,22
926,6
927,0
928,11
929,16
930,7
931,12
932,2
933,18
934,25
935,22
936,3
937,10
938,7
939,10
940,8
941,19
942,4
943,24
944,13
945,14
946,19
947,15
948,21
949,11
950,11
951,7
952,9
953,5
954,6
955,6
956,17
957,5
958,10
959,13
960,8
961,13
962,2
963,36
964,14
965,20
966,2
967,11
968,6
969,33
970,15
971,10
972,6
973,8
974,4
975,7
976,18
977,25
978,8
979,2
980,7
981,0
982,2
983,5
984,14
985,9
986,12
987,19
988,3
989,21
990,1
991,19
992,12
993,11
994,7
995,22
996,0
997,6
998,0
999,1
1000,2
