1,0
2,0
3,0
4,0
5,0
6,0
7,0
8,0
9,0
10,0
11,0
12,0
13,0
14,0
15,0
16,0
17,0
18,0
19,0
20,0
21,0
22,0
23,0
24,0
25,0
26,0
27,0
28,0
29,0
30,0
31,0
32,0
33,0
34,0
35,0
36,0
37,0
38,0
39,0
40,0
41,0
42,0
43,0
44,0
45,0
46,0
47,0
48,0
49,0
50,0
51,0
52,0
53,0
54,0
55,0
56,0
57,0
58,0
59,0
60,0
61,0
62,0
63,0
64,0
65,0
66,0
67,1
68,0
69,0
70,0
71,0
72,1
73,0
74,0
75,0
76,0
77,0
78,0
79,0
80,0
81,0
82,0
83,0
84,0
85,1
86,0
87,0
88,0
89,1
90,0
91,0
92,0
93,0
94,0
95,0
96,1
97,0
98,1
99,0
100,0
101,1
102,0
103,3
104,0
105,0
106,1
107,1
108,0
109,0
110,0
111,0
112,1
113,1
114,1
115,1
116,1
117,0
118,2
119,0
120,2
121,7
122,0
123,2
124,1
125,2
126,4
127,11
128,2
129,1
130,5
131,1
132,2
133,3
134,0
135,3
136,2
137,0
138,1
139,1
140,1
141,5
142,2
143,0
144,0
145,1
146,3
147,5
148,4
149,0
150,3
151,1
152,0
153,3
154,5
155,1
156,1
157,6
158,1
159,2
160,1
161,1
162,5
163,1
164,1
165,3
166,2
167,2
168,6
169,7
170,1
171,0
172,5
173,1
174,1
175,8
176,10
177,6
178,4
179,8
180,4
181,1
182,5
183,6
184,4
185,3
186,6
187,5
188,2
189,3
190,1
191,3
192,1
193,4
194,1
195,4
196,4
197,0
198,6
199,6
200,6
201,3
202,3
203,3
204,2
205,2
206,1
207,4
208,5
209,2
210,2
211,4
212,5
213,19
214,3
215,5
216,6
217,3
218,7
219,6
220,1
221,1
222,5
223,5
224,11
225,0
226,1
227,5
228,3
229,8
230,1
231,15
232,8
233,2
234,2
235,6
236,11
237,8
238,0
239,2
240,18
241,5
242,2
243,5
244,20
245,13
246,0
247,4
248,1
249,3
250,9
251,6
252,9
253,4
254,11
255,10
256,1
257,8
258,2
259,1
260,4
261,13
262,1
263,7
264,13
265,4
266,14
267,17
268,9
269,5
270,9
271,5
272,5
273,15
274,11
275,6
276,20
277,6
278,3
279,5
280,1
281,3
282,1
283,11
284,11
285,3
286,2
287,7
288,9
289,6
290,9
291,8
292,5
293,11
294,12
295,13
296,9
297,10
298,3
299,7
300,15
301,2
302,11
303,12
304,11
305,2
306,3
307,5
308,1
309,18
310,13
311,1
312,4
313,2
314,3
315,10
316,9
317,14
318,6
319,1
320,10
321,2
322,3
323,13
324,12
325,2
326,9
327,5
328,12
329,7
330,20
331,11
332,3
333,9
334,6
335,2
336,0
337,21
338,5
339,4
340,6
341,3
342,12
343,4
344,12
345,13
346,1
347,16
348,5
349,3
350,9
351,11
352,4
353,9
354,11
355,0
356,4
357,6
358,6
359,5
360,8
361,6
362,12
363,0
364,2
365,15
366,3
367,2
368,8
369,16
370,20
371,11
372,8
373,2
374,12
375,14
376,9
377,13
378,3
379,5
380,6
381,26
382,11
383,31
384,8
385,8
386,6
387,9
388,12
389,12
390,7
391,2
392,2
393,4
394,1
395,5
396,1
397,1
398,16
399,22
400,2
401,5
402,3
403,2
404,2
405,0
406,2
407,6
408,7
409,16
410,6
411,10
412,4
413,11
414,1
415,9
416,2
417,14
418,20
419,3
420,3
421,1
422,4
423,11
424,2
425,2
426,10
427,9
428,6
429,12
430,8
431,3
432,2
433,2
434,8
435,11
436,5
437,16
438,7
439,9
440,3
441,26
442,4
443,7
444,3
445,22
446,1
447,13
448,9
449,5
450,6
451,4
452,17
453,25
454,0
455,5
456,9
457,5
458,0
459,2
460,31
461,5
462,13
463,7
464,2
465,9
466,16
467,3
468,10
469,9
470,16
471,4
472,7
473,16
474,10
475,14
476,7
477,0
478,3
479,3
480,10
481,2
482,2
483,15
484,14
485,0
486,14
487,4
488,6
489,12
490,3
491,10
492,4
493,13
494,16
495,4
496,17
497,13
498,4
499,14
500,0
501,1
502,1
503,14
504,16
505,16
506,13
507,6
508,1
509,6
510,8
511,18
512,1
513,4
514,5
515,3
516,12
517,2
518,2
519,22
520,11
521,7
522,10
523,9
524,0
525,11
526,1
527,11
528,9
529,6
530,14
531,18
532,6
533,10
534,12
535,3
536,15
537,13
538,15
539,0
540,0
541,7
542,0
543,7
544,8
545,1
546,9
547,6
548,9
549,8
550,15
551,30
552,16
553,17
554,17
555,14
556,2
557,11
558,8
559,23
560,6
561,9
562,15
563,9
564,15
565,5
566,3
567,0
568,16
569,20
570,12
571,10
572,13
573,8
574,1
575,28
576,0
577,4
578,10
579,11
580,10
581,3
582,14
583,11
584,7
585,0
586,10
587,1
588,6
589,9
590,9
591,11
592,3
593,4
594,2
595,5
596,12
597,8
598,6
599,4
600,4
601,6
602,12
603,5
604,2
605,20
606,19
607,20
608,6
609,35
610,9
611,3
612,11
613,18
614,2
615,12
616,10
617,8
618,0
619,17
620,21
621,11
622,4
623,18
624,7
625,26
626,15
627,2
628,12
629,8
630,26
631,18
632,11
633,8
634,14
635,2
636,19
637,7
638,3
639,8
640,3
641,18
642,7
643,3
644,17
645,13
646,21
647,6
648,27
649,24
650,8
651,6
652,1
653,20
654,15
655,0
656,15
657,11
658,6
659,21
660,17
661,4
662,7
663,6
664,2
665,7
666,2
667,3
668,1
669,7
670,11
671,2
672,21
673,10
674,18
675,16
676,18
677,7
678,3
679,19
680,3
681,8
682,2
683,20
684,8
685,3
686,7
687,7
688,6
689,4
690,7
691,13
692,2
693,13
694,0
695,15
696,11
697,2
698,5
699,0
700,14
701,1
702,2
703,1
704,11
705,7
706,5
707,5
708,5
709,6
710,13
711,10
712,10
713,7
714,26
715,28
716,7
717,13
718,8
719,12
720,21
721,2
722,2
723,7
724,4
725,20
726,11
727,10
728,10
729,8
730,12
731,9
732,4
733,3
734,9
735,15
736,26
737,11
738,6
739,2
740,6
741,7
742,0
743,6
744,11
745,28
746,11
747,9
748,12
749,6
750,10
751,0
752,13
753,2
754,7
755,6
756,5
757,27
758,4
759,9
760,2
761,4
762,4
763,6
764,8
765,9
766,9
767,12
768,24
769,3
770,6
771,2
772,10
773,5
774,14
775,9
776,14
777,3
778,5
779,21
780,5
781,10
782,28
783,16
784,8
785,9
786,3
787,23
788,5
789,2
790,1
791,8
792,24
793,27
794,13
795,8
796,10
797,21
798,16
799,0
800,0
801,9
802,3
803,8
804,4
805,20
806,15
807,28
808,9
809,2
810,5
811,10
812,10
813,21
814,3
815,3
816,0
817,13
818,1
819,11
820,11
821,0
822,4
823,1
824,35
825,4
826,11
827,2
828,0
829,3
830,16
831,1
832,8
833,3
834,5
835,0
836,6
837,15
838,7
839,27
840,9
841,3
842,20
843,2
844,1
845,14
846,18
847,5
848,11
849,30
850,19
851,2
852,19
853,7
854,11
855,20
856,1
857,5
858,8
859,13
860,7
861,11
862,6
863,8
864,2
865,24
866,8
867,15
868,20
869,5
870,6
871,0
872,8
873,17
874,14
875,18
876,14
877,1
878,10
879,5
880,16
881,14
882,5
883,24
884,7
885,17
886,7
887,5
888,15
889,1
890,6
891,2
892,13
893,20
894,9
895,17
896,1
897,3
898,12
899,0
900,17
901,5
902,4
903,1
904,12
905,3
906,6
907,11
908,10
909,2
910,10
911,5
912,4
913,22
914,18
915,27
916,7
917,49
918,5
919,3
920,5
921,4
922,6
923,13
924,18
925,7
926,1
927,4
928,15
929,17
930,34
931,24
932,13
933,9
934,6
935,2
936,14
937,6
938,8
939,13
940,31
941,4
942,9
943,3
944,6
945,14
946,12
947,8
948,30
949,26
950,13
951,7
952,11
953,26
954,15
955,3
956,6
957,7
958,8
959,14
960,11
961,4
962,4
963,18
964,12
965,5
966,7
967,7
968,5
969,13
970,19
971,10
972,12
973,6
974,15
975,5
976,9
977,4
978,8
979,10
980,7
981,10
982,5
983,3
984,3
985,3
986,9
987,6
988,3
989,4
990,16
991,19
992,8
993,15
994,18
995,7
996,9
997,1
998,15
999,13
1000,10
