UTFTFFFFF,-0.02236958907723529,0.036891478975485656,5.189571359596813,-0.03786161201998597
RFFTFFFFF,-0.014975012496875315,-0.019985004999375004,-0.014952543728131564,0.08895682010809798
RTFTFFFFF,2.335072589712378,-0.11778060966351862,-0.13735554795876107,-0.0980556341739462
DTFTFFFFF,-0.08254647690738359,-0.07671837621814696,4.3110314215678365,-0.11163998020621489
LTFTFFFFF,0.3302495282754282,0.30678002401513743,0.34512274050859426,8.909639147341272
DTFTFFFFF,-0.09457370883112957,-0.05470580853192809,0.08482621569550063,-0.04491010492128937
LTFTFFFFF,0.21768978791033194,0.23254777169851865,0.20789368250057857,7.620767846505323
UTFTFFFFF,-0.05480535705352693,-0.034947543728131567,0.11937910695823656,-0.044877698545144305
UTFTFFFFF,-0.014992501250000002,-0.01996752499062688,-0.014992501250000002,-0.0099975
LTFTFFFFF,0.064827688896598,0.07971061420363527,0.03498734418997595,5.413884893510411
DTFTFFFFF,-0.024975012496875316,-0.029940067456267504,-0.019985004999375004,-0.014992501250000002
RTFTFFFFF,0.010208602283975778,-0.04491010492128937,-0.06977295437500017,-0.05486270604389431
RTFTFFFFF,-0.024975012496875316,-0.014992501250000002,-0.024975012496875316,-0.005
LTFTFFFTF,1.009253634723118,-0.02996252499062688,3.9940042482501485e-05,-0.004945087426288744
LTFTFFFFF,0.024975012496875316,0.00500249875,0.024975012496875316,3.0175233920603586
LTFTFFFFF,-0.005,0.005,0.0,0.6712157990029729
UTFTFFFFF,-0.005,-0.005,0.0,0.0
RFFTFFFFF,0.0,-0.005,-0.0099975,0.010039703544541166
RFFTFFFFF,2.499999999999898e-06,-0.005,0.0,0.01998750000312375
RFFTFFFFF,0.0,-0.005,0.0,0.0099975
LTFTFFFFT,-0.019985004999375004,0.20297305407856842,9.995000624998807e-06,-0.0099975
UFFTFFFFF,0.015062236740031456,0.693567386586562,0.005039920072461261,-0.024877703543894323
UTFTFTFFF,-0.009785872316777505,2.0078408411438624,0.020007437587434406,-0.04491010492128937
UTFTFTFFF,6.485519477710412e-05,0.9766152296589675,0.024975012496875316,-0.024975012496875316
UFTFTFFFF,-0.10605457114779303,-0.072008187672298,-0.09705563378321509,5.262672239460343
DFFFTTFFF,0.0895439691576708,2.499999999999898e-06,0.0,0.0
DTFFTFFFF,-0.048303666820482836,-0.008698152962451456,-0.08637089057182096,5.427856394779062
RTFFTFFFF,0.43546384411238165,0.32539171185087334,9.294673194114123,0.49284209659123307
RTFFTFFFF,0.3874361742381465,0.33431725258386125,8.325661307155276,0.3537224387817487
RFFFTFFFF,0.24676156753484343,0.26601271143917515,8.868528571065985,0.23230051299028526
DTFTFFTFF,0.18664676869979996,-0.019985004999375004,-0.019985004999375004,-0.0099975
LFTFTFFFF,-0.15756508078356454,1.5868756840424674,-0.1430481894784739,-0.1377913305813679
UFFFTFFFF,2.2477509373122588e-05,0.005022466270618436,0.6519589875108275,-0.014952543728131564
RTFTFFFFF,-0.005,-0.005,-0.0099975,-0.0099975
UTFTFFTFF,0.5122953420354537,-0.009982517491876876,-0.014992501250000002,-0.004992501250000001
DTFFTFTFF,2.9807454255154866,0.03994002504678508,-0.07473806789781268,0.015032381412368817
UFTTFFFFF,7.155467876186061,0.0756307740129755,0.044318833572321734,0.03663815695509957
DFTTFFTFF,1.7746865886416665,0.005039920072461261,-0.034947543728131567,-0.0049550799275387405
UTFFTFFFF,0.03661654416621833,-0.03854008327990275,-0.07684309960939488,5.474014505702408
RFTTFFFFF,-0.12770093890466305,2.6869449257954616,-0.11182728232983279,-0.10839285910951674
DTFTFTFFF,-0.019860414061153544,0.32479324331952714,-0.009967524990626878,-0.019985004999375004
RTFTFTFFF,0.3467111913763357,-0.014992501250000002,-0.0099975,-0.0099975
DTFTFTFFF,-0.019975029973763752,0.17233513029834244,0.0,-0.0099975
DTFTFTFFF,-0.0099975,0.09442963078234963,0.0,-0.005
LFFTFFFFF,0.024952299983439907,0.0350097008673129,0.059766485547645326,4.034426918390561
DTFFTFFFF,-0.06480535705352693,-0.02996252499062688,-0.044862706043894314,0.0896452662907427
LTFFTFFFF,0.12150617798568993,0.0129954540409928,0.09128648676472474,6.85781677436015
UTFFTFFFF,-0.04491010492128937,-0.04988764986882872,-0.03988764986882873,0.4257057189576564
LTFFTFFFF,0.015616124565254585,0.0008980165434510834,0.05526357313991409,4.807229177607372
RFFTFFFTF,0.014992501250000002,0.0,-0.005,0.0
LFTTFFFFF,0.21405013336677092,9.215950491307789,0.4077570067150799,0.3055622670176868
DFTTFTFFF,0.19298596388619685,6.683382286307306,0.11430502785519085,-0.20280275952353358
LFTTFFFFF,-0.04978795187500017,0.6789063801629742,-0.009867854444968925,-0.019902647368828724
DFTTFFFFF,0.27246747093718765,0.21391036028649296,8.801234203287757,0.18368587216529544
DFTTFFFFF,0.1735619478861318,0.06550759960739033,6.614065265324688,0.16363463369436723
LFTTFFFFF,-0.02996252499062688,-0.004992501250000001,-0.009990004999375001,-0.0099975
DFFTFFFFF,0.034964965139182985,2.938774074920842,0.03496477597472364,7.228287518473708e-05
LFTTFFFFF,0.0,-0.005,-0.00499750125,-0.005
LFTTFFFFF,-0.005,0.0,0.0,0.0
RFTTFFFFF,-0.08466084851443186,0.015241005880929252,-0.03985044910746008,-0.06480535705352693
RFTTFFFFF,-0.024975012496875316,-0.0099975,-0.01498252123438094,-0.034947543728131567
RFTTFFFFF,2.499999999999898e-06,0.0,-0.014992501250000002,-0.014992501250000002
UFTTFFFFF,5.333941147275069,0.07124360783957066,0.045233760327304674,0.040601133157411234
LFTTFFFFF,-0.005,0.0,0.0,0.0
DFTTFFFFF,0.015014945059964386,0.030037106121800522,3.903238757407276,0.02996252499062688
UFTTFFFFT,-0.09952642197671402,-0.12425286711032563,3.793779989797269,0.03994002504678508
DFTFTFTFF,3.22117830880837,0.044932481483932064,-0.08960116004461181,0.04985756078773461
RFTTFFFTF,0.18816208583976915,-0.014992501250000002,-0.0099975,-0.014975012496875315
LTFFFFFFF,5.940294514214112,0.05984998170047608,0.04998918181989364,0.059840185157070985
RTFTFFFFT,-0.019985004999375004,-0.019985004999375004,0.02992010019582409,-0.019985004999375004
RFTFTFFFF,0.010594336119700894,4.56382618550775,0.01055267291633212,0.02538603445943247
DTFTFFFTF,-0.014992501250000002,-0.014992501250000002,0.43815378841865055,-0.02996252499062688
RTFFFFFFF,6.462617709029459,0.004972695961840262,0.11921292779753513,0.08944211211911511
DTFFFFFFF,-0.009967524990626878,-0.015002433868640686,0.17263983260729643,-0.0099975
DTFFFFFFF,-0.005,-0.010007485008123124,0.004999997501874688,-0.005
DTFFTFFFF,-0.019985004999375004,0.0,-0.0099975,-0.019985004999375004
RTFFTFFTF,3.53337439655755,-0.09457370883112957,0.059845209886136556,0.054832688896598
RTFTFFFTF,0.3515109764851967,-0.0099975,-0.029935069956267504,-0.03988764986882873
DTFFTFFTF,-0.034947543728131567,-0.024975012496875316,-0.03991512486573182,0.6658847336642273
UFTTFFFFF,3.5205122670061972,8.478777788763561e-05,0.03001951917596489,0.054847770922143935
DFTFFTFFF,0.019985002504995006,1.2775158252448247,0.0,-0.02996252499062688
DFTFFFFFF,9.198301941499107,0.28106817520879457,0.32403276822807703,0.37288690916230627
UFTFTFFFF,-0.05970604496253862,-0.044830332066023805,-0.04491010492128937,0.02543284800790994
RFTFTFFTF,4.7412586193143653e-05,-0.04491010492128937,1.5794355209254607,7.485008123123485e-06
LTFFFFFFT,-0.005,-0.005,0.014992501250000002,0.0
LFTFFFFFF,0.03497488541424719,4.031606351359335,0.0350097008673129,0.07474798819773414
UFTTFFTFF,-0.004992501250000001,-0.009985004999375002,-0.0099975,0.22630447466509562
LFTFFFFFF,-0.005,0.0,0.0,0.0
LFTFTFFFF,-0.04491010492128937,0.00019172919121094277,-0.09457370883112957,-0.029892649868828735
LFTFTFTFF,-0.01498006719156279,0.02992004266082745,-0.0099975,-0.014992501250000002
RTFFFFFTF,0.5958691288145357,-0.005,0.009999997500625,0.005
UFTFFFFFF,-0.009917639870078723,-0.02488769104889369,-0.019962524990626878,0.734051312853758
UFTTFTFFF,-0.024915104921289368,-0.03482298794029956,0.7871597149323196,-0.024975012496875316
UTFFTFTFF,0.054825284781193494,0.02503723183984478,-0.07473806789781268,2.731966483192333
RTFFTFFFT,-0.019985004999375004,0.2988604713712995,-0.014994997501874687,-0.019940067456267502
DFTFTFFFF,8.875673265753106,0.2518014967728261,0.19837163945706834,0.20302053551463714
DFTFTFFFF,6.770432024896741,0.1685528731066068,0.14898754060312144,0.13893995748318844
RFTFFFFFF,0.45629221604464,-0.01995504496876438,3.9940042482501485e-05,-0.014975012496875315
DFTFFFFFF,7.183639571224779,0.25671245660587994,0.16860739175232298,0.20292398302364884
UFTFTFFFF,-0.01498751124187844,-0.024975012496875316,0.0,-0.009985004999375002
RFTFTFFFF,-0.04491010492128937,0.21253603126257797,-0.024947543728131568,9.995000624998807e-06
DFTFTFFFF,4.3237441317974525,0.049842759732053696,0.03000234536265728,0.044892631214240565
UFTFTTFFF,-0.005,-0.004987501269968776,0.23617196934668439,-0.0099975
RTFTFFFTF,-0.005,0.0,-0.019985004999375004,-0.019985004999375004
UFFTFFTFF,0.05451213113914048,0.0,-0.005,-0.0099975
LFTFFFTFF,-0.0099975,0.23144709005348826,-0.005,-0.005
UFTFFFTFF,-0.0099975,-2.499999999999898e-06,0.0,0.06456903271652971
LFTFFFTFF,0.0,0.0,-0.005,0.0
UFTFFTTFF,-0.005,-0.005,0.0,0.0
DFFFTFFFF,0.05983276728742174,0.08468313572730339,0.010111983735484921,4.874729840962366
LFFFTFFFF,0.2514587582573874,-0.004985009996875314,-0.01996252748251312,-0.0099975
DFFFTFFFF,0.0,0.0,0.0,-0.005
UTFFTTFFF,-0.019985004999375004,-0.009985004999375002,0.18740316081613234,-0.0099975
LFTTFFFTF,0.1532342081696124,-0.014992501250000002,-0.004992501250000001,-0.005
LFTFTFFFF,-0.014992501250000002,-0.019985004999375004,-0.019985004999375004,-0.019985004999375004
UFTFTFFFT,-0.0399300699562675,-0.019985004999375004,-0.004967536229381568,0.7648811387071908
RFFFTFFFT,-0.005,0.00500249875,0.3246942523286548,0.0
LFTTFFFFT,-0.08961851809017465,3.992930837439644,0.08962593601876422,0.09441708973861887
RFTTFFFFT,-0.024975012496875316,1.3181731206976535,0.01998750000312375,0.004994997501874688
LFTFFFFFT,-0.02996252499062688,1.369898673984386,0.01998750000312375,0.034947543728131567
LFTFFFFTF,0.014997491258121564,-0.005,-0.005,-0.005
RFTFTFFFT,-0.04491010492128937,0.0648152872811935,0.04491257627919745,2.3528316582610818
LFTFTFFTT,-0.005,-0.005,-0.005,0.0099975
UFTTFFFFF,1.9541623722254116,-0.0099975,0.004992498754372189,0.009977490043706273
RFTFFFFFT,-0.024975012496875316,0.730532083319485,0.009999997500625,0.014994997501874687
DFTFTTFFF,0.24663578099072464,-0.004992501250000001,-0.014992501250000002,-0.019985004999375004
LTFFTFFTT,-0.009995002499375,-0.0099975,-0.009995002499375,-0.014977506253122188
RFTTFTFFF,-0.019985004999375004,0.12851383652800674,-0.014992501250000002,-0.014992501250000002
UTFFFFFFF,9.772161910379317,0.7585982667726334,0.6484503021853878,0.569929744636527
LTFFTFFFF,0.03497739656515391,6.983022542449754e-05,0.015002448842412551,2.9282443451005054
LTFFTFFFT,-0.009985004999375002,-0.019985004999375004,-0.0099975,0.19686460896590474
LTFFTFFTF,0.649018286590457,-0.009995002499375,2.2477509373122588e-05,-0.005039920072461261
DTFFTTFFF,-0.019985004999375004,-0.014980012496875316,0.05984768499460644,-0.0099975
UTFFTTTFF,0.06464626689995946,0.0,-0.005,0.0
LTFFTFTFF,2.20319897727715,0.020007437587434406,-0.0399300699562675,-0.06480535705352693
DFTFFFTFF,0.014990004998125313,-0.009985004999375002,-0.019985004999375004,0.8802775413502718
RFTFTFFFF,2.499999999999898e-06,-0.0099975,-0.0099975,-0.005
RFFFTFFTF,0.0050249575337325035,-0.034947543728131567,2.092511147996028,0.019985004999375004
RFFTFFFFT,-0.0099975,0.01000249250437375,-0.005,-0.005
UFFFTFTFF,-0.00499750125,2.499999999999898e-06,-0.0099975,0.5755720900125626
UFTFFFFFF,-0.005,2.499999999999898e-06,-0.014992501250000002,0.024962536229381566
LFTTFFFFT,-0.005,0.1833176387001285,0.00500249875,0.0099975
DFTTFTTFF,0.1291586086557556,0.0,-0.0099975,0.0
RFTTFTFFT,-0.0099975,0.009999997500625,-0.005,-0.005
UFTFTFTFF,-0.024975012496875316,-0.004972533729381566,-0.02996252499062688,0.6268936325234042
LFTFTFFTF,-0.005000002498125313,-0.014992501250000002,-0.004992501250000001,0.28444860897938185
RTFFTFFFF,0.08958873236979938,0.09453127832318133,6.164380446174983,0.11433999689562326
UTFFTFFFF,-0.019985004999375004,-0.0099975,-0.014992501250000002,-0.0099975
UTFFTFFFF,-0.005,-0.0099975,0.0,0.0
UTFTFFTFF,0.16254716218072038,0.005,-0.0099975,-0.005
UTFFFTFFF,0.02498249376249999,2.0885020653378064,0.029957534986246887,-0.014992501250000002
LTFFFFFTF,0.009999997500625,-0.024975012496875316,1.1636526654296764,0.00500249875
DTFTFFFFF,-0.014992501250000002,-0.014992501250000002,0.0,0.0
DFTFTFFFF,2.283636248243565,0.014992501250000002,2.499999999999898e-06,0.009999997500625
RFTTFFFFT,0.0,0.009999997500625,0.0,0.0
LFTTFFFTF,0.005,-0.005,0.0,0.0
LFTFTFFFT,-0.0099975,0.06947008859350809,-0.005,-0.005
RFFFTFFFF,0.08953889459510851,0.12908892324984184,6.6253147172252005,0.17843388830188162
UFTFFTFFF,-0.005012486250011861,-0.024945042503077258,0.03495003499124563,-0.005
UFFFTTFFF,-0.005,-0.005,0.024975012496875316,-0.005
LFFTFFFFF,0.014994997501874687,0.015002481265619063,0.029940147186713277,2.2769430048304917
DFTFTFFFT,0.009999997500625,1.366502371532209,0.019962524990626878,0.00500249875
DFTFTFTFF,0.3083945510758946,0.005,-2.499999999999898e-06,-2.499999999999898e-06
DFTTFFFFF,0.014992501250000002,0.0,1.622696622504693,2.499999999999898e-06
LFFFTFFFF,2.499999999999898e-06,0.0,-9.995000624998807e-06,-0.0099975
DFFTFTFFF,9.995000624998807e-06,9.995000624998807e-06,0.5251650913846959,-0.024975012496875316
UFTTFFFTF,2.7876398514522873,0.029962522498740644,0.03495003499124563,0.06474306789781267
LTFTFFFTF,0.034947543728131567,0.0,0.0,-0.005
UTFFTFTFT,-0.005,-0.005,-0.005,0.0099975
RTFFTFFTT,-0.005,-0.005,0.034910104921289375,0.0
UFFTFTFFF,0.009999997500625,0.00500249875,0.7112077684171663,-0.014992501250000002
LFFTFFFFT,-0.005,0.02494006744628,2.499999999999898e-06,2.499999999999898e-06
LFFTFFFFT,0.0,0.005,0.0,-0.005
DFFTFFTFF,2.499999999999898e-06,0.10386431511797846,-0.005,0.005
LTFFTFFFF,0.005004995001874687,0.009999997500625,0.00500249875,1.5438333385951266
LFFFTFFTF,0.1381793704786954,-0.014992501250000002,-0.01000249250437375,-0.005
UFFFTFFFT,-0.005,-0.005,-0.005,0.05486270604389431
LFFFTFFFF,0.0,0.0,-2.499999999999898e-06,0.0
UTFFFFTFF,0.02497750625312219,2.1337122041643664,-0.04988764986882872,0.01000249250437375
DTFFTFFFT,0.10443451358317815,2.499999999999898e-06,0.0,0.0
DTFFTTFTF,-0.005,-0.005,0.014992501250000002,-0.005
UFTFFFFFF,0.0,-0.005,0.0,0.0
UFTFFFFFT,-0.0099975,-0.014992501250000002,-0.0099975,0.04490512239817407
DTFFFTFFF,-0.019985004999375004,-0.005,-0.005,-0.005
RFFFTFFFF,0.06477799796776894,0.07473806789781268,4.155737004327844,0.034947543728131567
UFTTFTFTF,0.005,-0.005,0.0,0.0
DFFFTFTFF,0.9419182306900339,0.014992501250000002,-0.024952543728131566,0.014992501250000002
UFTFTFFFF,-0.0099975,-0.005,0.0,0.0
UFTFTTFFT,-0.005,-0.005,0.01997751749187688,-0.005
LTFFTFTFF,0.0,-0.005,0.0,0.0
LTFFTTFFF,-0.005,2.499999999999898e-06,0.2743553026196413,0.0099975
UTFFTFTFF,0.0,2.499999999999898e-06,0.0,0.07970069886386377
UTFFTFTFF,0.0,-0.005,0.0,0.0
UFTFTFTFF,-0.0099975,-0.005,-0.005,0.00500249875
UFTFTFTFT,-0.005,-0.00500249875,-0.005,0.034922663452284286
UTFFTFFTF,0.26125630267974637,-0.005,0.0,0.019985004999375004
RTFTFTFTF,0.009940102385719317,-0.005,-0.005,-0.005
LFFFTFFFF,0.0,0.0,-0.005,0.0
LFFFTFTFF,-2.499999999999898e-06,0.009985004999375002,0.0,0.0
LFTFTTFFF,2.499999999999898e-06,-0.005,-0.005,0.1385476274454205
DFFTFFFTF,-0.014992501250000002,-0.014992501250000002,0.18813703115417735,-0.005
RFFTFFFTT,0.005,0.0,0.0,0.0
RFFFTFFFF,0.019962524990626878,0.0399300699562675,2.0815234087504835,0.014992501250000002
RTFFTFTFF,0.03991258750799456,3.387449832841929,0.06480784085218767,0.08463106774924764
LFTFTFFFF,0.0,0.0,-0.005,-0.005
UTFFFFFFF,9.245486690606773,0.4591639381490329,0.43285099438577657,0.31725471526202587
UTFFFFFFF,7.313392780319856,0.16368679449899504,0.11915656328496067,0.15355888079429147
RFTFTFTFF,2.616637267276393,0.03495003499124563,0.07970317893868907,0.01997751749187688
DFTFFFFFF,4.7144134547577385,0.02996252499062688,0.04987520476082863,0.04484531707851756
LTFTFTFFF,0.014994997501874687,0.04989013739691626,2.49224427744496,0.02996252499062688
DFTFFFFFF,2.4971254442445803,0.019985004999375004,0.034947543728131567,0.024975012496875316
UTFTFFFTF,0.029960032481258128,1.5315727713395133,0.024975012496875316,0.00500249875
DFTTFFFFT,0.9817181790807477,2.499999999999898e-06,0.019985004999375004,0.014980012496875316
UFTTFTTFF,0.005,-2.499375000367121e-09,0.0,0.0
DTFTFFFFT,-0.005,0.15384309913735758,0.005,-0.005
UFFTFTFFF,0.0,-0.005,0.0,0.0
DFTFFTTFF,-0.014975012496875315,-0.015111972388437738,-0.014994997501874687,-0.014992501250000002
LTFFTFFTF,0.014990004998125313,0.0,0.0,-0.0099975
RTFTFTTFF,0.0099975,-0.005,0.0,0.0
DTFTFTFTF,-0.014992501250000002,-0.0099975,0.14891755791631572,-0.014992501250000002
UTFFFFFFF,4.6049717519609565,0.04491010492128937,0.029930069956267503,0.0099900149862575
DTFFTFFFF,-0.005,0.0,0.0,0.0
RFFTFFTFF,0.06957135204667027,0.0,-0.005,-0.0099975
UFTTFTFFF,0.0,2.499999999999898e-06,0.024975012496875316,0.0
UFTTFTFFF,0.0,-0.005,0.0,0.0
UFTTFTFFF,0.0,-0.005,0.0,0.0
UFTTFTFFT,-0.0099975,-0.0099975,0.05473339660073128,-0.005
RFFTFTFFF,-9.995000624998807e-06,0.014947588661312475,-0.005,-0.005
RTFTFFTFF,-0.005,0.07958880706436339,-2.499999999999898e-06,-0.005
RTFFTFFFF,0.024975012496875316,0.005,3.664206333966149,0.014980012496875316
LTFTFTFTF,0.005,0.0,0.005,0.4774652121052904
DFTTFTFFF,0.12919074067677047,4.242293474435386,0.05486270852955706,-0.024940107370741486
RFFFTFFFF,0.0,0.0,0.35368391135431076,0.0
UTFTFTFFF,-0.005009990003124686,0.45503275118375164,0.014992501250000002,0.0
UFTFTFFTF,-0.005,0.10932057396761423,0.0,0.0
DFTTFFFTF,-2.499999999999898e-06,-0.005,0.029940067456267504,0.0
UFTFTTTFF,-2.499999999999898e-06,0.029629083335992377,-0.005,0.0
DFFFTFFTF,-0.014992501250000002,-0.01998750000312375,-0.019985004999375004,0.4558750746725327
LFTTFTFFF,0.0099975,0.014992501250000002,0.0399300699562675,0.8574466026283856
RTFTFFFFF,0.0,0.0,-0.005,0.0
LTFFTFFFF,0.014992501250000002,0.0,0.0,0.6488888387286932
DFTFFTFFF,0.019985004999375004,0.6637841504433181,0.02995005496126688,-0.009995002499375
RFTTFFTFF,0.00499750125,0.24597852089243036,0.00499750125,-2.499999999999898e-06
RTFFTFFFF,0.005,0.009999997500625,1.203669466038997,0.0
RFTFTFTFT,-0.0099975,-0.005,0.0099975,0.3999166145362361
RFTFTFFFT,-0.024975012496875316,0.024975012496875316,0.0399300699562675,1.2693230680434864
RTFFFTFFF,0.6693028413754897,-0.019985004999375004,-0.024975012496875316,-0.024975012496875316
LTFFFTFFF,0.005,0.0,0.0,0.2164827893419123
DFTFFFFFF,0.4875570374800681,0.0099975,0.0,0.0
DTFFTFTFF,1.63453809287913,0.024975012496875316,-0.014990004998125313,0.04988764986882872
LTFFFFTFF,0.9334800960011611,-0.014992501250000002,-0.014992501250000002,-0.019985004999375004
RTFFTFTTF,0.01998250999562625,-0.019985004999375004,0.005,0.8085250140334372
RFTFFTFTF,2.499999999999898e-06,-0.005,-0.005,-0.005
RTFFFFFFT,-2.499999999999898e-06,0.0099975,-2.499999999999898e-06,0.0
UTFTFFTTF,0.19651819324757294,0.0,-0.014992501250000002,-0.005
LTFFTTFTF,-0.005,-0.005,0.014992501250000002,-0.005
LTFFTFTTF,0.07467584101568185,-2.499999999999898e-06,0.0,0.0
DFFTFTFTF,-0.005,-0.005,0.04987022223460049,-0.005
RFTFTFFTF,-0.005,0.005,0.47643067521627275,0.014992501250000002
UFTTFFFTT,-0.005,-0.014992501250000002,0.46041784108160755,2.499999999999898e-06
LTFFTFFTT,0.0,0.0,-0.005,-0.0099975
DTFFFFFFF,0.0,-2.499999999999898e-06,0.0,0.0
UTFTFTTFF,0.02996252499062688,0.0,0.0,0.0
DTFFFFFTF,-0.0099975,-0.0099975,-0.009995002499375,0.004999997501874688
RTFTFTFFT,0.0,0.0,0.0,2.499999999999898e-06
DFFTFTFFT,-2.499999999999898e-06,0.014992501250000002,0.0,0.0
RTFTFFFFT,0.0,0.0,0.01997252249062688,-0.005
DFTTFTFTF,-0.0099975,-0.014992501250000002,0.2071333129893889,-0.005
LFFTFFFFF,0.014992501250000002,0.0,9.995000624998807e-06,1.2126697754263416
DFTTFTFFF,0.0099975,2.2001393696245035,0.024975012496875316,-0.019985004999375004
RFTFTFFFT,-0.019985004999375004,0.0,0.0,0.6376267828107826
LFTTFTFFT,-0.014992501250000002,0.43873327204692564,0.005,0.014992501250000002
DTFFTFTTF,-0.005,-0.019985004999375004,-0.02996252499062688,0.6490625462971137
UTFFFTFFF,0.01998750000312375,1.0074038015419458,0.024975012496875316,-0.0099975
UTFFFTFFF,2.499999999999898e-06,0.5108522666828219,0.0099975,-0.005
UFTTFFFFF,0.2689655583884976,0.0,0.0,0.0
RTFFFFTFF,0.4200704734120816,-0.0099975,0.0099975,0.0099975
RTFFTFFTF,0.12906907973377887,0.0,0.0,0.0
DTFFFTTTF,0.0,-0.005,0.0,0.0
UTFFFFTFF,2.499999999999898e-06,0.9783820633919348,-0.0099975,0.0099975
UTFFFFTFF,0.005,0.4810662458184452,-0.005,0.0
UFTFFFTTT,0.0,0.0,0.0,-0.005
UFTFFFTFT,-2.499999999999898e-06,-0.005,0.0,0.0
LTFFTFFFT,0.0,0.0,-0.005,0.09438743051523334
UTFFFFFFF,1.0857188450541084,0.0099975,0.005,0.014992501250000002
DFTFTFFFF,0.4780185305191855,0.0,0.0,0.0
RTFTFFTTF,0.019985004999375004,0.0,-0.005,0.0
RTFTFFFTF,0.0,0.0,-0.005,-0.0099975
UTFTFTFFF,-0.005,0.18769526998796107,0.0,-0.0099975
RFFTFFFFF,0.0,0.0,0.0,0.005
UFTFTFTTF,2.499999999999898e-06,0.014975012496875315,0.0,0.0
LFTFFTFFF,-0.005,0.05486270604389431,0.0,0.0
LFTFFFTFT,-0.014992501250000002,0.6512051386204294,-0.0099975,-0.014992501250000002
RFTFTFTTF,-0.004992501250000001,-0.0099975,-0.0099975,0.5001619404941966
UTFFTTFFT,-0.014992501250000002,-0.014992501250000002,-0.019985004999375004,-0.0099975
DTFFFFFFF,0.0,-0.005,0.0,0.0
RFFFTFTFF,0.0,0.0,0.005,0.16841198107599445
LFFFTFTTT,0.0,0.0,0.0,-0.005
DFTFFTFFF,0.0,0.251532339587597,0.0,-0.005
UFTFTTFFF,0.0,-0.009995002499375,0.0,0.0
DFTTFFFFF,0.005,0.0,0.11931252337201162,0.0
DFTTFFTFF,0.7040403763989255,0.0099975,-0.024975012496875316,2.499999999999898e-06
UTFFFTFTF,0.0,0.02996252499062688,0.0,0.0
RFTFFFTFF,0.005,0.005,0.2460450871927709,0.0
RFTFFFFTF,0.08959371981269451,-0.005,-0.005,2.499999999999898e-06
LFTFFFTFT,0.0,0.23204288204498563,-0.005,-0.005
UFTTFFFTF,0.009999997500625,0.0,0.0,0.0
LFFFTTFFF,0.22657112104053348,-2.499999999999898e-06,0.0,0.0
DFTFFFFFT,0.1341261453064321,0.005,0.0,0.0
RTFFTTFTF,0.1873689118280293,0.0,-0.005,0.0
LTFTFTTTF,0.029940067456267504,0.0,0.0,-0.005
UFTFTTFTF,-0.005,0.005,0.0,-0.005
LTFFTTTTF,0.005,0.0,0.0,-0.005
UTFFFFFTF,0.3292250037453872,0.014992501250000002,0.0,0.005
UFTFFFFTF,0.0945414641227792,0.0,0.0,-0.005
LFTFFFTFT,0.0,0.05486270604389431,0.0,0.0
DFTFTFTFT,0.024925097422539372,-0.005,0.0,0.0
DFFFTFTTF,-0.00500249875,-0.0099975,-0.005,0.09428863459473352
UTFTFTFTF,0.4314568263916896,2.499999999999898e-06,0.005,0.0
UFFTFFTFT,-0.005,-0.00500249875,-0.005,-4.997500624999429e-06
UTFFTTFFF,0.0,0.0,0.0,-0.005
DTFTFFFTT,-0.0099975,-0.0099975,-0.005,-0.0099975
LFFFTFTTF,0.10897453370149382,-0.005,-0.005,-0.005
DFTFFTFTF,-0.0099975,-0.014992501250000002,0.014994997501874687,-0.005
UTFTFTFFF,0.0,0.019962524990626878,0.0,0.0
RFFFTFFTF,0.014985009996875315,-0.014992501250000002,1.091605553085752,0.019985004999375004
RTFFTFTFT,-0.005,0.005,0.11422347886034852,0.0
LTFTFFTFF,0.15316132334946483,-0.0099975,-0.0099975,-0.00500249875
RFTFFFTTF,0.029902647368828725,-0.005,0.0,0.0
RTFFTTTTF,0.10931252337201161,0.0,0.0,-0.005
UFTFTTTFF,-0.005,0.004967536229381568,0.0,0.0
LFFTFTFFF,0.039817909401240796,0.0,0.0,0.005
LFFTFFFFF,0.019985004999375004,0.005,0.0,0.5301993183212184
DFFFTFFFT,0.005,-2.499999999999898e-06,0.0,0.2713200816732246
LTFFFTFTF,0.02996252499062688,-0.005,0.0,0.0
LFTTFTFTF,0.04489765358762244,-0.005,0.0,0.0
LFFTFFFFF,0.0,0.0099975,0.0,0.1735206486261947
UTFFFTFFF,0.0,0.23715991901522404,0.0,-0.0099975
RFFFTFFTF,0.00499750125,-0.005,0.48656429456318057,0.014992501250000002
DFTTFTFFT,0.0,0.005,0.15369266148142652,0.0
DFTTFTFTF,0.0,-0.005,0.06473806789781267,0.0
DTFFTFTFF,0.6659114627777817,0.0,4.997500624999429e-06,0.019985004999375004
RFTTFTTFF,-0.0099975,0.014992501250000002,-0.005,0.0
DTFFFFFTT,-0.005,-0.005,0.0,0.0
UFFTFFFTF,0.0,0.0,0.11908702905201785,-0.005
LFFTFFFTF,0.014992501250000002,0.0,0.702524011028149,0.0099975
LTFFTFFFF,0.0,0.0,0.0,0.04489765358762244
RFTFFTFFF,-0.00500249875,0.024970019996245006,-0.0099975,-0.005
DTFFTFFTT,-0.005,-0.005,-0.005,0.005
RFTFTTFFF,-2.499999999999898e-06,-0.005,-2.499999999999898e-06,0.0
DFTFTTTTF,0.0,0.0,-2.499999999999898e-06,0.0
UFFTFFFFT,-0.0099975,-0.0099975,0.004999997501874688,-0.0099975
RFFTFFFFT,0.0,0.0,-0.005,0.0
RFFTFFTFT,0.0,0.0,-2.499999999999898e-06,0.0
RFFTFTFFT,0.0,0.0,0.0,-2.499999999999898e-06
UTFFTFTTF,0.0,0.0,0.0,0.09438737103855165
UTFTFFTFT,-0.0099975,-0.0099975,-0.0099975,0.009989980050565048
RFTFTFFFT,-0.0099975,0.005,0.0,0.2893538745551144
RFTFFTFFT,-2.499999999999898e-06,0.03489268854889369,0.0,0.0
DFTTFFTFF,0.2509412394053162,0.0,0.0,0.005
UFFFTTTFF,-0.005,-0.005,-0.005,-0.005
LFTFTTFFT,0.0,0.0,0.0,0.004992501250000001
RFTTFTFTF,0.00499750125,-0.0099975,-0.005,-0.005
DTFFTTTFF,0.004994997501874688,0.0,0.0,-0.005
RTFFTFFFT,0.0,0.005,0.0,-0.005
RTFFTFFFT,0.0,0.0,0.0,-0.005
DTFTFFTFF,0.09916389245485394,0.0,0.0,0.0
DFTFTFTFF,0.08436755031418881,0.005,0.0,0.0
DFTFTFTTF,-0.0099975,-0.0099975,-0.0099975,0.0945662797645054
RFTFTTTTF,0.054820436689904356,-0.005,-0.005,0.0
LFFFTFFTF,0.0,-0.005,-0.00500249875,0.0
LFFTFTFTF,0.0099975,-0.005,0.0,0.0
UFTFFFTFF,0.0,0.005,0.0,0.0
RFFFTFTFT,0.0,0.034947543728131567,0.005,0.0
UFFTFTFTF,0.02996252499062688,0.0,0.0,-0.005
DFFTFFFFT,0.1536893354206936,-2.499999999999898e-06,-0.005,-0.005
UTFFFTTFF,0.034947543728131567,0.0,0.0,-0.005
RFFFTFFTF,0.0,-0.005,0.2127407070517422,0.0
DTFTFTFFF,-0.005,0.02493509492253937,0.0,0.0
LFTFFTTFT,-0.005,0.0,0.0,0.0
LFTFTFTFT,-0.005,0.039812914399990795,0.0,0.0
UTFTFFTTT,-0.005,-0.005,-0.005,0.005
RFTFTFFTT,0.0,0.0,0.04981549658245135,0.0
UTFFTTFTF,0.0,0.0,0.0,-0.005
UFTFTFFTF,0.0,0.0099975,0.0,0.0
LFTTFFTTF,0.014992501250000002,0.0,-0.005,0.0
UTFFTFFFT,-0.005,-0.005,0.0,-0.005
RTFFTTFTT,-2.499999999999898e-06,-0.005,-0.005,-0.005
RTFFTFTTT,0.0,0.0,0.01996752499062688,0.0
UFFTFTFFT,-0.005,-0.005,0.05480535705352693,0.0
RTFFTTFFF,0.04470844406343341,-0.009999997500625,-0.005,-0.0099975
DTFFTFTFF,0.10415695216993621,0.0,0.0,0.005
UTFFTTTFT,-0.024975012496875316,-0.01996752499062688,-0.019985004999375004,-0.019985004999375004
DTFTFFTFT,0.0,0.0099975,0.0,0.0
DFFFTFTFF,0.024975012496875316,0.0,0.0,0.0
UFFTFFTTF,0.009990004999375001,0.0,0.0,0.0
UFTFTTTTF,0.005,0.0,0.0,-0.005
RFFFTFFTF,0.0,0.0,0.02996252499062688,0.005
DFTTFTFFF,0.0,0.5488503176750439,0.00500249875,-0.005
RFTFTFFTF,0.0,-0.005,0.15870210110924501,0.005
RFTTFFTFT,-0.005,0.0399300699562675,0.005,0.0
DFTFFFTFF,0.005,0.005,0.0,0.02497750625312219
LFFTFFFTF,0.005,-0.005,0.3486559869565499,0.0
LFFTFFFTF,0.0,-0.005,0.17843388830188162,0.0
LFFTFFFTF,0.0,0.0,0.04491010492128937,0.0
LFFTFFFTF,0.0,0.0,0.014992501250000002,0.0
DFTFTFFTF,-0.0099975,-0.0099975,-0.0099975,0.15325781425146154
UFTFTTTFT,-0.014992501250000002,-0.014985009996875315,-0.014992501250000002,-0.0099975
LFTFTFTTF,0.014990004998125313,-0.005,-0.005,-0.005
DTFTFFTTF,-0.0099975,-0.0099975,-0.0099975,2.499999999999898e-06
RTFTFTFTT,-0.005,-0.005,0.0,-0.005
RTFTFFFTT,0.0,-0.005,0.0099975,0.0
LFFFTFFTF,0.0,0.0,-0.005,0.0
RFTFTTFTF,0.1385282139310161,-0.0099975,-0.005,-0.00500249875
RFTTFFFTF,-0.005,0.0,-0.005,0.0
UTFTFFFTF,0.0,0.0099975,0.0,0.0
RTFFFTFTF,0.034947543728131567,-0.005,0.0,0.0
LTFFTFFFT,0.0,0.005,0.0,0.029945062457517505
RFTFFTTFF,-0.0099975,-0.005,-0.005,-0.005
RTFFTTFTF,0.019975024982508124,0.0,0.0,0.0
LTFFFFTTF,0.06480535705352693,0.0,0.0,0.0
UTFFFFFFT,-0.0099975,-0.0099975,-0.00500249875,2.499999999999898e-06
UFFFTFTTF,0.0,0.0,0.0,0.014992501250000002
DTFFTFTFT,-0.005,-2.499999999999898e-06,-0.005,0.05486270604389431
RFFFTFFFT,0.0,0.0,0.12919074067677047,0.0099975
DFTFTTTFF,0.019985004999375004,0.0,-0.005,0.0
DFTFTTFTF,-0.0099975,-2.499999999999898e-06,0.009977522490626878,-0.005
DTFFFFTFF,-0.005,-0.005,-0.005,-0.005
RFTTFFTTF,0.01994255747375001,-0.005,-0.005,-0.00500249875
RFTFTFFFT,0.0,0.0,0.0,0.05982284202486899
UTFFFFTFT,-0.005,-2.499999999999898e-06,-0.005,0.0448827433473811
RTFFTTFFT,-0.0099975,0.0399300699562675,0.0,0.0
UTFFFFTFF,0.0,0.1634374377727335,-0.005,0.0
LFFFTTTFF,0.014992501250000002,0.0,0.0,-0.005
DFTTFFTTF,-0.005,-0.005,-0.005,0.10930811179806138
DTFFTFTTT,-0.005,-0.005,-0.005,0.0
RTFFFFTTF,0.005,0.0,0.04988764986882872,0.0
LTFFTFFTT,0.0,0.0,0.0,-0.005
LTFFTFTTT,-0.0099975,-0.0099975,-0.0099975,-0.005
UFTFFFTTF,0.0,0.0,0.0,-0.005
UFFFTFTFT,-0.0099975,-0.005,-0.005,-0.005
RFFFTFFTT,-2.499999999999898e-06,-0.005,0.0,0.0
RFFFTTTFF,0.0,-0.005,0.0,0.0
DTFFTTTTF,-0.0099975,-0.009995002499375,-0.0099975,-0.0099975
RFTFFFTFT,0.0,0.04988764986882872,0.0,0.0
DFTTFFTFF,0.024955049965017496,0.0,-0.005,0.0
UTFFFFTTF,0.04491010492128937,0.0,-0.005,0.0
LFTFTTTFF,0.014992501250000002,0.0,0.0,-0.005
LTFTFFFTT,-0.005,-0.005,-0.005,0.005
LTFTFTFTT,0.005,0.0,0.0,0.0
RTFFTFFFF,0.0,0.0,0.07471571122047574,0.0
DFFFTFFTT,-0.0099975,-0.0099975,-0.005,-0.005
UTFFFFTFF,0.0,0.02497251874062844,0.0,0.0
RTFTFFTFF,0.0,0.0,-0.005,0.0
DFFTFFTTF,-0.005,-2.499999999999898e-06,-0.005,0.005
RTFFFTFFT,0.0,0.0,0.0,-0.005
UFTFFTFFF,-0.00500249875,-0.014992501250000002,0.0,0.0
UFTFFTFFT,-0.005,-0.005,-9.995000624998807e-06,-0.005
LTFTFFTTF,0.034952523763719406,-0.005,-0.005,-0.005
DFTFFTFFF,0.0,0.05484528712348319,0.005,0.0
DTFTFTFTT,0.0,-0.005,0.0,0.0
RFFFTFFFT,0.0,0.0,0.04988764986882872,0.005
RFFFTFFFT,0.0,0.0,0.019985004999375004,0.0
DFTFTTFFT,0.0,0.019985004999375004,0.0,0.0
LFFFTFFFT,2.499999999999898e-06,0.0,0.0,0.0
RFFFTTFFT,-0.005,-2.499999999999898e-06,-0.005,0.0
DFTFTTFFF,0.10929552273973117,0.0,0.005,-0.005
UTFTFFTFF,0.05469356121506256,0.0,-0.005,0.0
DFFTFTTTF,0.0,0.0,0.0,0.005
UFTTFFTFT,-0.005,-0.005,-0.005,0.0099975
LTFFTTTFF,-0.005,-9.995000624998807e-06,0.0,-0.005
DFTFFTTFF,-0.005,-0.005062343937359444,-2.499999999999898e-06,0.0
DFTFFTTFF,-0.005,-0.005009990003124686,0.0,0.0
UTFTFTTTF,0.019985004999375004,0.0,-0.005,0.0
UTFFTTFTT,0.0,0.0,0.005,0.0
UFTFFTFFF,0.0,-0.005,0.0,0.0
LFTFTFFTF,0.0,0.0,0.0,0.12414640582329438
DFTTFTTFF,0.04491010492128937,0.005,0.0,0.0
DFTFTTFTT,-0.005,-0.005,0.0,0.0
DFTFTFTFF,0.019960044968764377,0.0,0.0,0.0
LTFTFTTFT,0.0,0.0099975,0.0,0.0
DTFTFFTFF,0.014975012496875315,0.005,0.0,0.0
DTFFTFTFF,0.0099975,0.0,0.0,0.005
UFTFFTFTF,-0.005,-0.005,0.0,-0.005
DFTTFTTTF,-0.0099975,-0.0099975,-0.0099975,-0.005
DFTTFFTFT,0.005,0.0,0.0,0.0
LFTTFFTFT,0.0,0.04486770604389431,0.0,-0.005
LFTFFFFFT,0.0,0.019985004999375004,0.0,0.0
RTFFFFTFT,-0.005,0.0,0.0,0.0
LFTFFTFFT,0.0,0.005,0.0,0.02995005496126688
DFFTFTTFF,-0.005,-0.005,0.0,0.0
DTFTFTTFF,0.005,0.0,-9.995000624998807e-06,0.0
DTFFTTFFF,0.0,0.0,-2.499999999999898e-06,0.0
LFTTFFFTT,-0.005,-0.005,-2.499999999999898e-06,-0.005
LFTTFTFTT,0.0,0.0,0.0,0.0099975
DFTTFFFTT,-0.005,0.0,0.0,-2.499999999999898e-06
DFFFTFTFT,0.005,0.0,0.0,0.0
DTFTFTTTF,-0.005,-0.005,0.0,-0.005
RFTFTFFTF,0.0,0.0,0.019985004999375004,0.0
LFTFTFFTF,0.0,0.0,0.0,0.044877698545144305
UTFFTTTTF,-0.005,0.014985009996875315,0.0,0.0
DTFFFTFFF,-0.005,-0.005,-0.005,0.0
DTFFFTFTF,-0.005,-2.499999999999898e-06,0.005,0.0
UTFTFTFFT,-0.005,-0.005,0.05983527469087236,-0.005
LTFFFFFTF,0.0,0.0,0.024975012496875316,0.0
DTFFTFFFT,0.005,0.0,0.0,0.0
LTFFFTTFF,0.014992501250000002,0.0,0.0,0.0
DFTFFFFTF,-0.005,-0.005,-0.005,0.0
RTFFTTTFF,0.0099975,0.0,0.0,-0.005
LTFFTFTFT,-0.005,-0.005,-2.499999999999898e-06,-0.005
UTFTFTTFT,-0.005,0.0,-0.005,0.0
DTFTFTFFT,0.024940079933786247,0.0,0.0,-0.005
UFFTFFFTT,-0.005,0.0,0.0,0.0
DFTFFFTTF,0.0,0.0,0.0,0.014992501250000002
RFTTFFFTT,0.0,0.0,0.034947543728131567,0.0
UFTTFTTFT,-0.005,0.0,-0.005,0.0
RTFTFFFFT,0.0,0.0,0.014985009996875315,0.0
DFTTFTTFF,0.019985004999375004,0.0,0.0,0.0
RFTFTTFTT,-0.005,-0.005,-0.005,0.0
UFFTFTFFT,0.0,0.0,0.0099975,0.0
DTFFTTFFT,0.0,0.0,0.005,0.0
RFFFTTFTF,-2.499999999999898e-06,-0.005,-0.005,-0.005
DFTTFFTTF,0.0,0.0,0.0,0.04988516234074119
DFFTFFFTT,-0.005,0.0,0.0,0.0
RFTFTFTTT,-0.005,-0.005,0.005,0.0
LTFTFFTFT,-0.005,-0.005,-0.005,-0.005
DFTTFFFFT,0.005,0.0,0.0,0.0
UTFFFTFFF,0.0,0.024975012496875316,0.0,0.0
UFTTFTFTT,-0.005,-0.005,0.0,-0.005
LFTFFFTFT,0.0,0.005,0.0,0.0
LTFFFFTFT,0.0,0.0,-0.005,0.0
DFTTFTFFF,0.0,0.04491010492128937,0.0,0.0
UFTFTFFTT,-0.005,-0.005,0.0,-2.499999999999898e-06
LFFTFFTTF,0.009985004999375002,0.0,0.0,-0.005
RFFTFTTFF,0.0,0.014992501250000002,0.0,0.0
UFTFFFFTF,0.005,0.0,0.0,0.0
DFFFTTFTF,-0.0099975,-0.005,0.005,0.0
DTFFFFTTF,-0.005,-0.005,0.0,0.0
RTFFFTTFF,0.019985004999375004,0.0,0.0,0.0
RFTFTFFTT,0.0,0.0,-0.005,0.0
DFTFFFTFT,0.0,0.0,-0.005,0.0
DTFFTFTTF,0.0,0.0,0.0,0.014992501250000002
RFFFTTFFF,0.005,0.0,-0.005,-0.005
LFTTFTTFT,0.0,-0.005,0.0,0.0
DFTFFTFFT,0.014992501250000002,0.0,0.0,0.0
LTFTFFTTT,-0.005,-0.005,-0.005,0.0
UTFTFTFFT,0.0,0.0,0.005,0.0
RTFFFTFFF,0.005,0.0,0.0,0.0
RFTFFFTTT,0.0,0.0,0.005,0.0
RFTTFFFTT,0.0,0.0,0.0099975,0.0
RFTTFFFTT,0.0,0.0,0.005,0.0
DTFTFFTFF,0.005,0.0,0.0,0.0
UFFFTFFTF,0.0099975,0.0,0.0,0.0
RFTFTTFTF,0.00499750125,-0.005,0.0,0.0
LFTFFFFTT,-0.005,-0.005,-0.005,0.0
LFFFTTFTF,0.0,0.0,0.0,0.004992501250000001
LFTTFFTFF,0.0,0.0,0.005,0.0
LFTFTTFTF,0.005,-0.005,0.0,0.0
RTFFTFFTT,0.0,0.0,0.0099975,0.0
RTFFTFFTT,0.0,0.0,0.005,0.0
RTFFTFFTT,0.0,0.0,0.005,0.0
UFTFTTTFF,0.0,-2.499999999999898e-06,0.0,0.0
UTFTFFTFF,0.005,0.0,0.0,0.0
DFTFFTFFF,0.0,2.499999999999898e-06,0.0,0.0
LFFTFFTFF,0.0,0.0,-0.005,0.0
UTFFFTFFT,-0.005,0.0,0.0,0.0
UFFFTTFTF,0.005,0.0,0.0,0.0
LFTFTFTTT,-0.005,-0.005,0.0,0.0
LTFTFTFFT,0.0,0.0,0.0,0.0099975
RFTFFFFTT,0.0,0.0,0.005,0.0
DFFFTTTFF,-0.005,0.0,0.0,0.0
LFFFTFTFT,0.0,0.0,0.0,0.005
RFTFTTFTF,-2.499999999999898e-06,0.0,0.0,0.0
LTFFTFTTF,0.005,0.0,0.0,0.0
DFTFFTTFF,0.0,0.0,0.0,-0.005
RFFFTFTTF,-0.005,-0.005,0.005,0.0
UTFTFFFTT,0.0,0.0,0.005,0.0
RFTFFTFTT,-0.005,-0.005,0.0,0.0
LTFTFTTFF,0.005,-0.005,0.0,0.0
UTFFTTTTT,-0.005,0.0,0.0,-0.005
LFTTFFTTT,0.0,0.005,0.0,0.0
UFTFTFTTT,0.0,-0.005,0.0,0.0
RTFFFTTTF,0.0,0.0,0.0,-0.005
UTFTFFTFT,0.0,0.0,0.0,0.00500249875
RTFTFFTTT,-0.005,-0.005,0.0,0.0
LFFFTFTTF,0.005,0.0,0.0,0.0
UTFFFTTFF,0.005,0.0,0.0,0.0
DFFTFTFFF,0.0,0.0,0.005,0.0
UTFFTTFFT,-0.005,0.0,0.0,0.0
LTFFFTTTF,0.005,0.0,0.0,0.0
DFTFTTTFF,0.0099975,0.0,0.0,0.0
LFTFFTTFF,0.0,0.0,0.0,-0.005
UFTTFFTFF,0.0,0.0,0.0,-0.005
LFTFFFTTF,-0.005,0.0,-0.005,0.0
LFTTFTTTF,-0.005,0.0,0.0,-0.005
LTFFFFFTT,0.0,0.0,0.0,0.005
DFTFTTFFF,0.0099975,0.0,0.0,0.0
DFTTFFTTF,0.0,0.0,0.0,0.005
DFTFTFTFF,0.005,0.0,0.0,0.0
DTFFFTFFF,-0.005,0.0,0.0,0.0
LFTFFFTTT,0.0,0.0,-0.005,0.0
LFTFFTFTF,0.0,0.0,0.0,-0.005
DFTFTFTTF,0.0,0.0,0.0,0.005
UFTTFTTFF,0.005,0.005,0.0,0.0
UTFFTTTFF,0.005,0.0,0.0,0.0
DFFTFFTFF,0.0,0.005,0.0,0.0
DFFTFTFTT,0.0,-0.005,0.0,0.0
LTFTFFFFT,0.0,0.005,0.0,0.0
DFTFTFTFT,-0.005,0.0,0.0,0.0
LFFTFTFFT,-0.005,0.005,0.0,0.0
DFTTFFTTT,0.0,0.0,0.0,0.005
DFFFTTTTF,0.0,-0.005,0.0,0.0
RFTFTTTFF,0.005,0.0,0.0,0.0
UTFTFTTFF,0.005,0.0,0.0,0.0
RTFTFFFTT,0.0,0.0,0.005,0.0
UTFFTFFTF,0.005,0.0,0.0,0.0
LTFTFFFTT,0.0,0.0,0.0,0.005
LTFFTTTFT,0.0,0.0,-0.005,0.0
UFTFFTTFT,-0.005,0.0,0.0,0.0
